0 0.37890625 0.3973955 0.758333 0.234375
0 0.20972233333333326 0.8515625 0.418055 0.265625
0 0.6366318333333334 0.8067705000000001 0.02777799999999993 0.046875
0 0.7865449166666667 0.726953125 0.030555999999999955 0.03645799999999999
0 0.2855898333333335 0.5994140625 0.5583339999999998 0.23645800000000006
0 0.7838538333333332 0.6843095625 0.026388999999999996 0.033333999999999975
0 0.7743056666666667 0.651171875 0.022222000000000037 0.029167000000000054
0 0.6030384166666666 0.49954393750000003 0.07777800000000006 0.07812499999999989
0 0.29453158333333346 0.167057625 0.583333 0.332291
0 0.2683160833333333 0.08502637499999999 0.536111 0.16875000000000007
