0 0.62057325 0.3973955 0.758333 0.234375
0 0.7888893333333334 0.8515625 0.418055 0.265625
0 0.3616318333333333 0.8067705000000001 0.02777799999999993 0.046875
0 0.21154491666666667 0.726953125 0.03055599999999999 0.03645799999999999
0 0.7133678333333334 0.5994140625 0.5583339999999998 0.23645800000000006
0 0.2157988333333333 0.6843095625 0.026389000000000034 0.033333999999999975
0 0.22430566666666665 0.651171875 0.022222000000000037 0.029167000000000054
0 0.39470441666666667 0.49954393750000003 0.07777800000000006 0.07812499999999989
0 0.7028645833333332 0.167057625 0.583333 0.332291
0 0.7294270833333334 0.08502637499999999 0.536111 0.16875000000000007
