0 0.37890625 0.6026045 0.758333 0.234375
0 0.20972233333333326 0.1484375 0.418055 0.265625
0 0.6366318333333334 0.1932295 0.02777799999999993 0.046875
0 0.7865449166666667 0.27174512500000003 0.030555999999999955 0.03645799999999999
0 0.2855898333333335 0.4004560625 0.5583339999999998 0.23645800000000006
0 0.7838538333333332 0.3155595625 0.026388999999999996 0.03333400000000003
0 0.7743056666666667 0.347004875 0.022222000000000037 0.029167
0 0.6030384166666666 0.4985029375 0.07777800000000006 0.07812499999999994
0 0.29453158333333346 0.832682625 0.583333 0.332291
0 0.2683160833333333 0.914192375 0.536111 0.16875000000000007
