1 0.070546875 0.674613790560472 0.09125000000000001 0.44948099999999996
1 0.2794921875 0.7165595044247788 0.14750000000000002 0.5401319999999998
1 0.2374609375 0.5856128289085545 0.046249999999999986 0.12747900000000004
1 0.32984375 0.5620601651917404 0.05499999999999999 0.15486299999999995
1 0.3833203125 0.7646723480825959 0.08875 0.4664770000000001
1 0.3925 0.5188188938053098 0.03187499999999999 0.046269999999999915
1 0.46609375 0.6984381356932153 0.15000000000000002 0.556185
1 0.6040625 0.7333227994100295 0.07937500000000008 0.5288000000000002
1 0.6916015625 0.7188615781710914 0.19124999999999992 0.5382440000000001
1 0.752109375 0.6299856489675515 0.04437500000000005 0.1765820000000001
1 0.8203515625 0.6538273539823009 0.09625000000000006 0.18602400000000002
1 0.9561328125 0.6958981002949852 0.073125 0.2379600000000001
1 0.98671875 0.7329044690265487 0.024375000000000036 0.22285199999999994
