0 0.674613790560472 0.9280468749999999 0.44948099999999996 0.09125000000000005
0 0.7165595044247788 0.7194921875 0.5401319999999998 0.14749999999999996
0 0.5856128289085545 0.7612109375 0.12747900000000004 0.04625000000000001
0 0.5620601651917404 0.6698437500000001 0.15486299999999995 0.05499999999999994
0 0.7646723480825959 0.6158203125 0.4664770000000001 0.08875
0 0.5188188938053098 0.606875 0.046269999999999915 0.031874999999999876
0 0.6984381356932153 0.53234375 0.556185 0.15000000000000002
0 0.7333227994100295 0.39468749999999997 0.5288000000000002 0.07937500000000008
0 0.7188615781710914 0.30660156250000004 0.5382440000000001 0.19124999999999992
0 0.6299856489675515 0.24648437499999998 0.1765820000000001 0.04437500000000005
0 0.6538273539823009 0.17910156249999998 0.18602400000000002 0.09625000000000006
0 0.6958981002949852 0.043007812499999964 0.2379600000000001 0.073125
0 0.7329044690265487 0.012343749999999987 0.22285199999999994 0.024375000000000036
