0 0.7168229166666666 0.23648437499999997 0.529167 0.16875000000000007
0 0.5391145833333334 0.7748828125 0.14583300000000002 0.04125000000000001
0 0.6308850833333334 0.7360546875 0.19166700000000003 0.10062499999999996
0 0.7146871666666667 0.62625 0.5683340000000001 0.18874999999999997
0 0.4842190833333333 0.6873437499999999 0.06583299999999996 0.025000000000000133
0 0.47583333333333333 0.561640625 0.041667000000000044 0.020625000000000004
0 0.50932325 0.5352734375 0.07083300000000008 0.029999999999999916
0 0.5710416666666667 0.516328125 0.1775 0.03624999999999989
0 0.5284892499999999 0.4749609375 0.07250000000000008 0.01375000000000004
0 0.5532291666666667 0.3805859375 0.161667 0.04499999999999993
0 0.5297916666666667 0.34281249999999996 0.116667 0.016875000000000084
0 0.55567675 0.3209375 0.18083400000000002 0.04874999999999996
