0 0.2826559166666667 0.762734375 0.529167 0.16875000000000007
0 0.4582815833333333 0.2248828125 0.14583300000000002 0.04125000000000001
0 0.3675520833333333 0.2629296875 0.19166700000000003 0.10062499999999996
0 0.2846871666666666 0.3725 0.5683340000000001 0.18875000000000003
0 0.5150520833333334 0.31109375 0.06583299999999996 0.025000000000000022
0 0.5241663333333333 0.437265625 0.041667000000000044 0.020625000000000004
0 0.4901562499999999 0.4640234375 0.07083300000000008 0.02999999999999997
0 0.42854166666666665 0.482578125 0.1775 0.03624999999999995
0 0.46932324999999997 0.5249609375 0.07250000000000008 0.01375000000000004
0 0.44656216666666665 0.6193359375 0.161667 0.04499999999999993
0 0.4681246666666667 0.6559375 0.116667 0.016875000000000084
0 0.44317674999999995 0.6771875 0.18083400000000002 0.04874999999999996
