0 0.30933858702064904 0.191663375 0.6181229999999999 0.231428
0 0.5294408289085545 0.23910700000000001 0.12945000000000004 0.062857
0 0.575894418879056 0.2606976875 0.10463800000000002 0.038570999999999966
0 0.5760707876106195 0.305100875 0.08953600000000005 0.029285000000000005
0 0.3506365221238939 0.44543512500000004 0.700108 0.28642899999999993
0 0.3816099734513275 0.63506725 0.7615959999999999 0.3528570000000001
0 0.4043585781710915 0.5808257499999999 0.537217 0.08785700000000007
0 0.43779496460176986 0.7061555625 0.6817700000000001 0.18999999999999995
0 0.4479720943952803 0.8689008125000001 0.518878 0.10499999999999998
0 0.7127190501474927 0.92020075 0.12082000000000007 0.05499999999999994
