0 0.689057587020649 0.807377375 0.6181229999999999 0.23142800000000008
0 0.46795282890855455 0.760536 0.12945000000000004 0.06285700000000005
0 0.42271241887905603 0.7378406875000001 0.10463799999999998 0.03857099999999991
0 0.42288878761061943 0.6929578750000001 0.08953600000000005 0.029285000000000005
0 0.6483705221238938 0.553292125 0.700108 0.28642899999999993
0 0.6178559734513274 0.36363824999999994 0.7615959999999999 0.3528570000000001
0 0.5952975781710914 0.41725475 0.537217 0.08785700000000007
0 0.5618509646017699 0.29329756250000005 0.6817700000000001 0.18999999999999995
0 0.5493740943952803 0.12961481249999995 0.518878 0.10499999999999998
0 0.2844550501474926 0.07948675000000005 0.12082000000000002 0.05499999999999994
