1 0.191663375 0.689057587020649 0.231428 0.6181229999999999
1 0.23910700000000001 0.46795282890855455 0.062857 0.12945000000000004
1 0.2606976875 0.42271241887905603 0.038570999999999966 0.10463799999999998
1 0.305100875 0.42288878761061943 0.029285000000000005 0.08953600000000005
1 0.44543512500000004 0.6483705221238938 0.28642899999999993 0.700108
1 0.63506725 0.6178559734513274 0.3528570000000001 0.7615959999999999
1 0.5808257499999999 0.5952975781710914 0.08785700000000007 0.537217
1 0.7061555625 0.5618509646017699 0.18999999999999995 0.6817700000000001
1 0.8689008125000001 0.5493740943952803 0.10499999999999998 0.518878
1 0.92020075 0.2844550501474926 0.05499999999999994 0.12082000000000002
