1 0.334296875 0.5058421403508772 0.21625 0.9663240000000001
1 0.03875 0.7169215555555556 0.06437499999999999 0.11318999999999993
1 0.0511328125 0.7574936725146199 0.042499999999999996 0.082319
1 0.1705859375 0.5535066374269005 0.139375 0.593078
1 0.420390625 0.5355093099415205 0.083125 0.6725910000000002
1 0.5390625 0.5699520643274854 0.171875 0.7362029999999998
1 0.723046875 0.5843428070175438 0.27875000000000005 0.799813
1 0.8003515625 0.7419484152046784 0.03500000000000003 0.147802
1 0.8437109375 0.7262755555555556 0.04499999999999993 0.11319000000000001
1 0.9163671875 0.6611629239766083 0.14812499999999995 0.27034699999999995
