0 0.49274614035087705 0.664296875 0.9663240000000001 0.21625000000000005
0 0.2809995555555556 0.959375 0.11318999999999993 0.06437500000000007
0 0.24205867251461988 0.9473828125 0.082319 0.04249999999999998
0 0.44405863742690066 0.8287109375 0.593078 0.13937499999999992
0 0.46441430994152033 0.578515625 0.6725910000000002 0.083125
0 0.4277630643274855 0.4609375 0.7362029999999998 0.171875
0 0.4140898070175439 0.27554687499999997 0.799813 0.27875000000000005
0 0.2564484152046783 0.19785156250000002 0.147802 0.03500000000000003
0 0.2716455555555556 0.15621093750000004 0.11319000000000001 0.04499999999999993
0 0.3374959239766082 0.08199218750000004 0.27034699999999995 0.14812499999999995
