0 0.3776041666666667 0.5190234375 0.755833 0.37375
0 0.41682291666666665 0.0761328125 0.03083299999999996 0.010000000000000009
0 0.41791666666666666 0.0885546875 0.022500000000000037 0.006249999999999992
0 0.41328158333333337 0.12703124999999998 0.019165999999999943 0.008749999999999994
0 0.40338575 0.153359375 0.024165999999999983 0.012500000000000011
0 0.40786425000000004 0.1734375 0.03999999999999996 0.015625
0 0.40661491666666666 0.21046875 0.06000000000000005 0.024999999999999994
0 0.39562500000000006 0.2305859375 0.0324999999999999 0.013749999999999984
0 0.39453125 0.2398828125 0.03916699999999995 0.010625000000000023
0 0.3541663333333333 0.286171875 0.041667000000000044 0.028749999999999998
0 0.3988541666666667 0.300390625 0.07000000000000006 0.020625000000000004
0 0.35380241666666673 0.30734375 0.04499999999999993 0.023749999999999993
0 0.2559899166666666 0.6424609375 0.029166000000000025 0.014375000000000027
0 0.011249666666666602 0.6848046875 0.022500000000000114 0.03874999999999995
0 0.2814583333333333 0.7351953125 0.07416699999999994 0.05687500000000001
0 0.33109408333333334 0.7353125 0.034165999999999995 0.015625
0 0.32921875000000006 0.7585546875 0.024166999999999977 0.0068749999999999645
0 0.32255174999999997 0.7691796875 0.024166999999999977 0.006249999999999978
0 0.255417 0.8394140625 0.0625 0.01937500000000003
0 0.24333333333333332 0.8550390625 0.041667000000000044 0.018125000000000058
0 0.3154166666666667 0.8680078125 0.022499999999999964 0.010000000000000009
0 0.25244791666666666 0.8856640625 0.06083299999999999 0.018125000000000058
0 0.29911458333333335 0.8854296875 0.019166999999999934 0.007500000000000062
0 0.3037496666666666 0.907578125 0.020834000000000092 0.0050000000000000044
0 0.3007815833333334 0.9103515625 0.020832999999999952 0.00374999999999992
0 0.2948434166666667 0.9173046875 0.014999999999999977 0.0068749999999999645
0 0.27348991666666667 0.95328125 0.030833000000000037 0.008125000000000049
0 0.29671875 0.95828125 0.024166999999999977 0.009375000000000022
0 0.2669270833333333 0.960234375 0.034999999999999996 0.01187500000000008
0 0.27348991666666667 0.9761328125 0.030833000000000037 0.010625000000000107
0 0.2862496666666667 0.99453125 0.022499999999999964 0.008125000000000049
