0 0.6217711666666667 0.48027343749999996 0.755833 0.37375
0 0.5809899166666667 0.9236328125 0.03083299999999996 0.010000000000000009
0 0.5804166666666667 0.9110546875 0.022500000000000037 0.006249999999999978
0 0.5857815833333334 0.87203125 0.019165999999999943 0.008749999999999925
0 0.59588575 0.845859375 0.024165999999999983 0.012500000000000067
0 0.59119825 0.8265625 0.03999999999999996 0.015625
0 0.5932809166666666 0.78796875 0.06000000000000005 0.025000000000000022
0 0.603125 0.7693359375 0.0324999999999999 0.01375000000000004
0 0.60536425 0.7592578125 0.03916699999999995 0.010624999999999996
0 0.6458333333333334 0.712421875 0.041667000000000044 0.028750000000000053
0 0.5988541666666666 0.698515625 0.07000000000000006 0.020625000000000004
0 0.6454684166666667 0.69234375 0.04499999999999993 0.023749999999999938
0 0.7434899166666668 0.3568359375 0.029166000000000025 0.014375000000000027
0 0.9870836666666666 0.31355468750000004 0.022500000000000114 0.03874999999999995
0 0.7172913333333334 0.26457031249999996 0.07416699999999994 0.05687500000000001
0 0.6685940833333334 0.26468749999999996 0.034165999999999995 0.015625
0 0.67005175 0.24042968750000004 0.024166999999999977 0.0068749999999999645
0 0.67671875 0.23042968750000004 0.024166999999999977 0.006249999999999978
0 0.744583 0.15878906250000002 0.0625 0.01937500000000003
0 0.7566663333333333 0.1444140625 0.041667000000000044 0.018125000000000058
0 0.6829166666666667 0.13175781249999996 0.022499999999999964 0.010000000000000009
0 0.7466149166666667 0.11378906249999998 0.06083299999999999 0.018125000000000058
0 0.6999475833333334 0.11292968749999999 0.019166999999999934 0.007500000000000062
0 0.6962496666666667 0.09132812499999998 0.020834000000000092 0.0050000000000000044
0 0.6966145833333334 0.08785156250000004 0.020832999999999952 0.00374999999999992
0 0.7031774166666667 0.08167968749999999 0.014999999999999977 0.0068749999999999645
0 0.7243229166666666 0.04640624999999998 0.030833000000000037 0.008125000000000049
0 0.70255175 0.040156250000000004 0.024166999999999977 0.009375000000000022
0 0.7319270833333333 0.03960937499999995 0.034999999999999996 0.01187500000000008
0 0.7243229166666666 0.023007812499999947 0.030833000000000037 0.010625000000000107
0 0.7120836666666667 0.005156249999999973 0.022499999999999964 0.008125000000000049
