0 0.6217711666666667 0.5190234375 0.755833 0.37375
0 0.5809899166666667 0.0761328125 0.03083299999999996 0.010000000000000009
0 0.5804166666666667 0.0885546875 0.022500000000000037 0.006249999999999992
0 0.5857815833333334 0.12703124999999998 0.019165999999999943 0.008749999999999994
0 0.59588575 0.153359375 0.024165999999999983 0.012500000000000011
0 0.59119825 0.1734375 0.03999999999999996 0.015625
0 0.5932809166666666 0.21046875 0.06000000000000005 0.024999999999999994
0 0.603125 0.2305859375 0.0324999999999999 0.013749999999999984
0 0.60536425 0.2398828125 0.03916699999999995 0.010625000000000023
0 0.6458333333333334 0.286171875 0.041667000000000044 0.028749999999999998
0 0.5988541666666666 0.300390625 0.07000000000000006 0.020625000000000004
0 0.6454684166666667 0.30734375 0.04499999999999993 0.023749999999999993
0 0.7434899166666668 0.6424609375 0.029166000000000025 0.014375000000000027
0 0.9870836666666666 0.6848046875 0.022500000000000114 0.03874999999999995
0 0.7172913333333334 0.7351953125 0.07416699999999994 0.05687500000000001
0 0.6685940833333334 0.7353125 0.034165999999999995 0.015625
0 0.67005175 0.7585546875 0.024166999999999977 0.0068749999999999645
0 0.67671875 0.7691796875 0.024166999999999977 0.006249999999999978
0 0.744583 0.8394140625 0.0625 0.01937500000000003
0 0.7566663333333333 0.8550390625 0.041667000000000044 0.018125000000000058
0 0.6829166666666667 0.8680078125 0.022499999999999964 0.010000000000000009
0 0.7466149166666667 0.8856640625 0.06083299999999999 0.018125000000000058
0 0.6999475833333334 0.8854296875 0.019166999999999934 0.007500000000000062
0 0.6962496666666667 0.907578125 0.020834000000000092 0.0050000000000000044
0 0.6966145833333334 0.9103515625 0.020832999999999952 0.00374999999999992
0 0.7031774166666667 0.9173046875 0.014999999999999977 0.0068749999999999645
0 0.7243229166666666 0.95328125 0.030833000000000037 0.008125000000000049
0 0.70255175 0.95828125 0.024166999999999977 0.009375000000000022
0 0.7319270833333333 0.960234375 0.034999999999999996 0.01187500000000008
0 0.7243229166666666 0.9761328125 0.030833000000000037 0.010625000000000107
0 0.7120836666666667 0.99453125 0.022499999999999964 0.008125000000000049
