0 0.5914065833333334 0.9386455 0.04999999999999997 0.016666999999999987
0 0.5385071666666666 0.8540361249999999 0.16222199999999995 0.06833400000000012
0 0.2960420000000001 0.7841015625000001 0.21888899999999997 0.15833299999999995
0 0.49784733333333336 0.7907295 0.19999999999999996 0.07833299999999999
0 0.6045140000000001 0.804504875 0.03333299999999991 0.02749999999999997
0 0.13652766666666682 0.71234375 0.2711109999999999 0.17999999999999994
0 0.5775348333333333 0.749765625 0.05888899999999997 0.02083299999999999
0 0.586736 0.7165751874999999 0.03333299999999998 0.023334000000000077
0 0.4580729166666666 0.6722001875 0.21666700000000008 0.054166999999999965
0 0.5638886666666667 0.642004875 0.08555599999999997 0.02833399999999997
0 0.4532981666666666 0.6052998125 0.31888900000000014 0.07416599999999995
0 0.5554163333333333 0.5743876875 0.10444500000000005 0.03833399999999998
0 0.42666666666666675 0.5350654375 0.33444399999999996 0.093333
