0 0.5914065833333334 0.0603125 0.04999999999999997 0.016666999999999994
0 0.5385071666666666 0.144036125 0.16222199999999995 0.06833400000000003
0 0.2960420000000001 0.2157685625 0.21888899999999997 0.15833299999999997
0 0.49784733333333336 0.2090625 0.19999999999999996 0.07833299999999999
0 0.6045140000000001 0.195338875 0.03333299999999991 0.027500000000000024
0 0.13652766666666682 0.28734375 0.2711109999999999 0.18
0 0.5775348333333333 0.24893262500000002 0.05888899999999997 0.02083299999999999
0 0.586736 0.2815751875 0.03333299999999998 0.02333400000000002
0 0.4580729166666666 0.3263671875 0.21666700000000008 0.05416700000000002
0 0.5638886666666667 0.357004875 0.08555599999999997 0.028334000000000026
0 0.4532981666666666 0.3927998125 0.31888900000000014 0.07416599999999995
0 0.5554163333333333 0.4243876875 0.10444500000000005 0.038334000000000035
0 0.42666666666666675 0.4633984375 0.33444399999999996 0.093333
