0 0.4853125 0.021484375 0.3925 0.043125
0 0.46598958333333335 0.1142578125 0.3633330000000001 0.07375000000000001
0 0.44322883333333335 0.1666796875 0.24500000000000002 0.06937499999999999
0 0.5691149166666667 0.243046875 0.4358329999999999 0.1225
0 0.35437466666666667 0.2399609375 0.179167 0.07625000000000001
0 0.3958336666666667 0.3008984375 0.21 0.06187500000000001
0 0.3379690833333333 0.3489453125 0.12916600000000003 0.026874999999999982
0 0.3415628333333333 0.373359375 0.12166600000000001 0.07500000000000001
0 0.63411425 0.472109375 0.6025 0.2625
0 0.316042 0.41 0.09499999999999997 0.06375000000000003
0 0.32463575 0.466015625 0.08750000000000002 0.051875000000000004
0 0.6335419999999999 0.53078125 0.5941660000000001 0.13312500000000005
0 0.32463575 0.5076953125 0.08750000000000002 0.05812499999999998
0 0.6282809166666666 0.5577734375 0.561667 0.09187500000000004
0 0.4477083333333334 0.6180078125 0.261667 0.104375
0 0.3348440833333333 0.6043359375 0.09666599999999999 0.04499999999999993
0 0.3455729166666666 0.6511328125 0.09333300000000004 0.04249999999999998
0 0.4375 0.840234375 0.25166700000000003 0.13812500000000005
0 0.35901008333333334 0.8851953125 0.09833399999999999 0.0568749999999999
0 0.3710940833333334 0.92921875 0.15999999999999995 0.055625000000000036
0 0.4217184166666666 0.9537890625 0.2341670000000001 0.050000000000000044
0 0.4008850833333333 0.9820703125 0.1908340000000001 0.02562500000000001
