0 0.5128125 0.978359375 0.3924999999999999 0.04312499999999997
0 0.5326565833333333 0.8842578125 0.3633330000000001 0.07374999999999998
0 0.5565628333333333 0.8323046875 0.24499999999999997 0.06937499999999996
0 0.4299479166666667 0.7555468750000001 0.4358329999999999 0.12249999999999994
0 0.6435416666666667 0.7599609375 0.17916699999999994 0.07624999999999993
0 0.6024996666666667 0.6977734375 0.20999999999999996 0.06187500000000001
0 0.6604690833333333 0.6495703125000001 0.12916600000000003 0.026874999999999982
0 0.6565628333333333 0.625859375 0.12166600000000005 0.07500000000000007
0 0.36494825000000003 0.527109375 0.6025 0.26249999999999996
0 0.682708 0.58875 0.0949999999999999 0.06375000000000008
0 0.67380175 0.5328906250000001 0.08750000000000006 0.05187499999999989
0 0.3660419999999999 0.46890624999999997 0.5941660000000001 0.13312500000000005
0 0.67380175 0.4908203125 0.08750000000000006 0.05812499999999998
0 0.36994791666666665 0.4421484375 0.561667 0.09187500000000004
0 0.5510413333333334 0.3811328125 0.2616669999999999 0.104375
0 0.6648440833333333 0.39558593750000004 0.09666599999999999 0.04499999999999993
0 0.6522399166666667 0.3473828125 0.09333300000000004 0.04249999999999998
0 0.560833 0.15835937499999997 0.25166700000000003 0.13812500000000005
0 0.6390100833333333 0.11457031250000005 0.09833399999999999 0.0568749999999999
0 0.6277600833333333 0.06984374999999998 0.15999999999999992 0.055625000000000036
0 0.5758854166666666 0.045039062500000004 0.2341670000000001 0.050000000000000044
0 0.5983850833333333 0.017695312500000004 0.1908340000000001 0.02562500000000001
